Laplace, Laplace

Calibration Error (Uncalibrated): 0.149065
Sharpness (Uncalibrated): 1.6538511514663696
#################################  isotonic  ###########################################
Calibration Error (Recalibrated - isotonic): 0.044277
Sharpness Vector (Recalibrated - isotonic):
[ 0.37744425 20.07864925 11.52493405  0.35302505 20.87551499 11.60350202
  0.39828959  0.37492882  8.99980071  0.42137255 21.69180275  3.095151
  0.3777129   0.46858147  1.72166095  0.35528544  0.46549011  0.06767661
  0.36247926 20.02413723 11.4869572  22.47194105  0.41384316  9.18070194
  0.34156436 22.64160168  3.04868354 21.93534488  0.41182726  1.9098568
 21.88426167  0.37617468  0.10318334  0.36980827 18.9939953  11.64025695
  0.36709031 16.30561656 13.67326093  0.39417863 17.60328145 15.70050865
  0.37045376 19.03885302 16.60222329  0.38956082 21.26606828 23.15110391
  0.43262717  0.45252961 33.73520344  0.39931203  0.40943985 39.18601575
 15.9663837  17.61842623 15.76661863 16.09087967 19.07253673 16.87551589
  0.12139458 23.07762311 23.32343613  0.44715059 34.17247336 34.7169806
  0.46091728  0.46574972 40.15168345 16.65852102 17.8123271  16.4755379
 19.00473675 19.33178087 20.31433681 22.30191673  0.38655349 26.79200724]
mean  11.63756738645362

gauss, gauss

Calibration Error (Uncalibrated): 0.167546
Sharpness (Uncalibrated): 0.676014244556427
#################################  isotonic  ###########################################
Calibration Error (Recalibrated - isotonic): 0.043366
Sharpness Vector (Recalibrated - isotonic):
[ 0.40806576 20.07864925 11.52493405  0.4035242  20.87551499 11.60350202
  0.43442141  0.37309949  8.99980071  0.43795719 21.69180275  3.095151
  0.42927826  0.47756381  1.72166095  0.43423427  0.4759096   0.08626344
  0.40047906 20.02413723 11.4869572  22.47194105  0.44600196  9.18070194
  0.30719929 22.64160168  3.04868354 21.93534488  0.41307694  1.9098568
 21.88426167  0.36883236  0.14537229  0.39754097 18.9939953  11.64025695
  0.38973655 16.30561656 13.67326093  0.40830411 17.60328145 15.70050865
  0.3978066  19.03885302 16.60222329  0.40035638 21.26606828 23.15110391
  0.43117857  0.4983536  33.73520344  0.41403789  0.41829595 39.18601575
 15.9663837  17.61842623 15.76661863 16.09087967 19.07253673 16.87551589
  0.1205115  23.07762311 23.32343613  0.46390472 34.17247336 34.7169806
  0.46789077  0.50602726 40.15168345 16.65852102 17.8123271  16.4755379
 19.00473675 19.33178087 20.31433681 22.30191673  0.40093128 26.79200724]
mean  11.64552264952248

laplace, gauss

Calibration Error (Uncalibrated): 0.169920
Sharpness (Uncalibrated): 0.6319718360900879
#################################  isotonic  ###########################################
Calibration Error (Recalibrated - isotonic): 0.047227
Sharpness Vector (Recalibrated - isotonic):
[ 0.40649075 20.07864925 11.52493405  0.40041854 20.87551499 11.60350202
  0.43857395  0.38415257  8.99980071  0.44026072 21.69180275  3.095151
  0.41385287  0.47917533  1.72166095  0.40684175  0.47711427  0.07315662
  0.39928832 20.02413723 11.4869572  22.47194105  0.45212642  9.18070194
  0.35194978 22.64160168  3.04868354 21.93534488  0.41524575  1.9098568
 21.88426167  0.36579854  0.13673225  0.3907469  18.9939953  11.64025695
  0.38892422 16.30561656 13.67326093  0.41411244 17.60328145 15.70050865
  0.39453015 19.03885302 16.60222329  0.39716357 21.26606828 23.15110391
  0.42948091  0.49382719 33.73520344  0.41567187  0.41669118 39.18601575
 15.9663837  17.61842623 15.76661863 16.09087967 19.07253673 16.87551589
  0.10218357 23.07762311 23.32343613  0.46502933 34.17247336 34.7169806
  0.47060337  0.50224703 40.15168345 16.65852102 17.8123271  16.4755379
 19.00473675 19.33178087 20.31433681 22.30191673  0.4017036  26.79200724]
mean  11.645111601663046


gaussian-laplace 

Calibration Error (Uncalibrated): 0.181995
Sharpness (Uncalibrated): 0.6774929165840149
#################################  isotonic  ###########################################
Calibration Error (Recalibrated - isotonic): 0.046813
Sharpness Vector (Recalibrated - isotonic):
[ 0.40674357 20.07864925 11.52493405  0.4001384  20.87551499 11.60350202
  0.45270244  0.38412347  8.99980071  0.44948824 21.69180275  3.095151
  0.43721663  0.48650662  1.72166095  0.43102692  0.48204231  0.08687503
  0.38661788 20.02413723 11.4869572  22.47194105  0.4535231   9.18070194
  0.31948014 22.64160168  3.04868354 21.93534488  0.41901538  1.9098568
 21.88426167  0.3685703   0.15795326  0.39664104 18.9939953  11.64025695
  0.40022037 16.30561656 13.67326093  0.42718752 17.60328145 15.70050865
  0.41819015 19.03885302 16.60222329  0.41139033 21.26606828 23.15110391
  0.43093929  0.50997059 33.73520344  0.42022486  0.4246446  39.18601575
 15.9663837  17.61842623 15.76661863 16.09087967 19.07253673 16.87551589
  0.1132732  23.07762311 23.32343613  0.46491627 34.17247336 34.7169806
  0.47271491  0.49939729 40.15168345 16.65852102 17.8123271  16.4755379
 19.00473675 19.33178087 20.31433681 22.30191673  0.41173542 26.79200724]
mean  11.647667701634836

